1
3
4
6
7
9
10
13
15
17
18
19
21
22
23
25
26
27
28
29
30
31
32
33
34
35
36
38
39
41
42
45
46
47
48
49
50
51
52
53
54
58
60
63
66
67
68
70
71
72
74
77
78
81
82
86
88
90
91
92
98
99
100
102
103
104
105
106
108
109
110
112
113
114
115
116
117
118
119
120
121
123
124
125
126
127
128
129
130
132
133
134
135
137
138
140
141
142
143
144
145
146
148
149
151
152
153
154
155
156
157
158
161
162
166
169
170
171
172
173
175
177
179
180
182
183
184
186
187
188
189
190
191
192
193
194
195
196
197
198
199
200
201
203
204
205
207
208
211
214
215
216
217
219
220
222
223
224
225
226
227
228
229
230
231
232
234
235
236
238
239
240
241
243
244
245
247
248
249
251
252
253
255
257
258
259
260
262
263
265
267
268
269
270
271
272
273
275
276
277
278
279
280
281
282
283
284
285
286
289
291
294
295
296
297
298
300
302
303
304
305
306
307
308
309
310
311
313
315
316
317
318
319
323
324
325
327
328
329
330
332
333
337
338
339
342
343
344
345
346
347
348
349
351
353
354
355
357
358
359
360
361
362
363
365
367
368
370
371
372
373
375
376
377
378
379
380
381
382
386
387
388
389
391
392
393
395
396
397
401
405
406
407
409
410
414
416
419
420
421
422
424
426
427
428
431
432
436
437
438
439
440
441
442
443
446
448
449
450
451
452
453
454
456
457
458
459
460
461
464
465
466
467
468
469
471
472
473
474
475
480
481
483
485
486
487
488
489
491
494
495
496
497
499
500
503
505
506
507
508
509
510
511
512
514
516
517
519
520
521
522
524
525
526
527
528
529
531
532
533
534
536
537
538
539
540
541
542
544
545
547
548
549
550
551
552
553
555
556
558
559
560
561
562
563
564
566
568
569
570
571
573
574
575
578
580
581
582
583
584
585
586
587
588
589
590
591
593
594
598
599
601
603
604
605
607
608
609
610
611
612
614
615
616
619
620
622
623
624
625
626
627
628
629
630
631
632
633
634
636
637
638
643
644
645
646
647
648
649
650
651
652
653
654
657
658
659
660
661
663
664
665
666
667
670
671
673
674
676
677
679
680
681
683
684
685
686
687
689
690
692
693
695
697
698
699
700
701
703
704
706
707
708
711
712
713
714
717
718
719
720
722
723
724
725
726
727
728
729
730
733
734
736
738
740
741
742
743
744
745
746
748
749
750
751
752
754
755
756
758
759
760
761
762
763
764
765
767
768
769
770
772
773
774
775
776
778
779
780
781
782
783
786
787
789
791
792
793
794
795
798
799
800
801
803
804
806
807
808
809
810
811
813
817
818
820
821
822
823
824
826
827
828
829
831
833
834
836
837
840
841
842
846
848
849
850
853
854
856
858
860
862
863
865
866
869
870
871
873
874
877
878
879
880
882
886
888
889
892
894
895
897
898
899
902
903
905
907
908
909
910
911
912
913
914
916
920
922
926
927
928
929
932
934
936
937
938
939
941
942
944
945
946
948
951
953
955
957
960
961
962
963
964
965
969
970
972
973
974
976
977
980
981
982
983
984
985
986
987
988
989
990
992
993
995
997
999
1000
1001
1003
1005
1006
1007
1010
1012
1014
1015
1016
1017
1018
1019
1021
1022
1024
1025
1027
1029
1030
1031
1032
1033
1034
1035
1036
1037
1038
1039
1041
1042
1044
1045
1046
1047
1049
1050
1051
1052
1053
1054
1055
1058
1059
1060
1062
1063
1064
1065
1066
1067
1069
1070
1072
1073
1074
1075
1076
1077
1078
1079
1080
1081
1084
1085
1086
1088
1089
1090
1091
1092
1093
1094
1095
1097
1098
1099
1101
1102
1103
1107
1108
1109
1114
1115
1116
1117
1119
1120
1121
1122
1123
1125
1126
1127
1128
1130
1131
1132
1133
1134
1135
1136
1137
1138
1140
1141
1142
1143
1144
1146
1147
1152
1153
1154
1155
1156
1157
1158
1159
1160
1161
1162
1163
1164
1165
1166
1169
1170
1171
1172
1173
1176
1177
1180
1181
1182
1183
1185
1187
1188
1189
1191
1192
1193
1194
1195
1197
1198
1199
1200
1201
1203
1204
1205
1206
1207
1208
1209
1210
1211
1212
1213
1217
1218
1221
1222
1223
1224
1228
1229
1230
1231
1233
1237
1239
1241
1243
1244
1245
1246
1247
1248
1249
1250
1251
1252
1253
1254
2001
2002
2003
2004
2005
2006
2007
2008
2009
2010
2011
2012
2013
2014
2015
2016
2017
2018
2019
2020
2021
2022
2023
2024
2025
2026
2027
2028
2029
2030
2031
2032
2033
2034
2035
2036
2037
2038
2039
2040
2041
2042
2043
2044
2045
2046
2047
2048
2049
2050
2051
2052
2053
2054
2055
2056
2057
2058
2059
2060
2061
2062
2063
2064
2065
2066
2067
2068
2069
2070
2071
2072
2073
2074
2075
2076
2077
2078
2079
2080
2081
2082
2083
2084
2085
2086
2087
2088
2089
2090
2091
2092
2093
2094
2095
2096
2097
2098
2099
2100
2101
2102
2103
2104
2105
2106
2107
2108
2109
2110
2111
2112
2113
2114
2115
2116
2117
2118
2119
2120
2121
2122
2123
2124
2125
2126
2127
2128
2129
2130
2131
2132
2133
2134
2135
2136
2137
2138
2139
2140
2141
2142
2143
2144
2145
2146
2147
2148
2149
2150
2151
2152
2153
2154
2155
2156
2157
2158
2159
2160
2161
2162
2163
2164
2165
2166
2167
2168
2169
2170
2171
2172
2173
2174
2175
2176
2177
2178
2179
2180
2181
2182
2183
2184
2185
2186
2187
2188
2189
2190
2191
2192
2193
2194
2195
2196
2197
2198
2199
2200
2201
2202
2203
2204
2205
2206
2207
2208
2209
2210
2211
2212
2213
2214
2215
2216
2217
2218
2219
2220
2221
2222
2223
2224
2225
2226
2227
2228
2229
2230
2231
2232
2233
2234
2235
2236
2237
2238
2239
2240
2241
2242
2243
2244
2245
2246
2247
2248
2249
2250
2251
2252
2253
2254
2255
2256
2257
2258
2259
2260
2261
2262
2263
2264
2265
2266
2267
2268
2269
2270
2271
2272
2273
2274
2275
2276
2277
2278
2279
2280
2281
2282
2283
2284
2285
2286
2287
2288
2289
2290
2291
2292
2293
2294
2295
2296
2297
2298
2299
2300
2301
2302
2303
2304
2305
2306
2307
2308
2309
2310
2311
2312
2313
2314
2315
2316
2317
2318
2319
2320
2321
2322
2323
2324
2325
2326
2327
2328
2329
2330
2331
2332
2333
2334
2335
2336
2337
2338
2339
2340
2341
2342
2343
2344
2345
2346
2347
2348
2349
2350
2351
2352
2353
2354
2355
2356
2357
2358
2359
2360
2361
2362
2363
2364
2365
2366
2367
2368
2369
2370
2371
2372
2373
2374
2375
2376
2377
2378
2379
2380
2381
2382
2383
2384
2385
2386
2387
2388
2389
2390
2391
2392
2393
2394
2395
2396
2397
2398
2399
2400
2401
2402
2403
2404
2405
2406
2407
2408
2409
2410
2411
2412
2413
2414
2415
2416
2417
2418
2419
2420
2421
2422
2423
2424
2425
2426
2427
2428
2429
2430
2431
2432
2433
2434
2435
2436
2437
2438
2439
2440
2441
2442
2443
2444
2445
2446
2447
2448
2449
2450
2451
2452
2453
2454
2455
2456
2457
2458
2459
2460
2461
2462
2463
2464
2465
2466
2467
2468
2469
2470
2471
2472
2473
2474
2475
2476
2477
2478
2479
2480
2481
2482
2483
2484
2485
2486
2487
2488
2489
2490
2491
2492
2493
2494
2495
2496
2497
2498
2499
2500
2501
2502
2503
2504
2505
2506
2507
2508
2509
2510
2511
2512
2513
2514
2515
2516
2517
2518
2519
2520
2521
2522
2523
2524
2525
2526
2527
2528
2529
2530
2531
2532
2533
2534
2535
2536
2537
2538
2539
2540
2541
2542
2543
2544
2545
2546
2547
2548
2549
2550
2551
2552
2553
2554
2555
2556
2557
2558
2559
2560
2561
2562
2563
2564
2565
2566
2567
2568
2569
2570
2571
2572
2573
2574
2575
2576
2577
2578
2579
2580
2581
2582
2583
2584
2585
2586
2587
2588
2589
2590
2591
2592
2593
2594
2595
2596
2597
2598
2599
2600
2601
2602
2603
2604
2605
2606
2607
2608
2609
2610
2611
2612
2613
2614
2615
2616
2617
2618
2619
2620
2621
2622
2623
2624
2625
2626
2627
2628
2629
2630
2631
2632
